1,0.000116758483418324
2,0.000116788021108016
3,0.000116837285513954
4,0.000116906329118573
5,0.000116995225593303
6,0.000117104069995759
7,0.000117232979024966
8,0.000117382091335882
9,0.00011755156791483
10,0.000117741592517732
11,0.000117952372173389
12,0.000118184137754417
13,0.000118437144618786
14,0.00011871167332536
15,0.000119008030427212
16,0.000119326549346998
17,0.000119667591339139
18,0.000120031546544108
19,0.000120418835140737
20,0.000120829908603053
21,0.000121265251068899
22,0.000121725380828361
23,0.000122210851940844
24,0.000122722255990626
25,0.000123260223991726
26,0.000123825428454073
27,0.000124418585624253
28,0.000125040457915517
29,0.000125691856543323
30,0.000126373644384439
31,0.000127086739079604
32,0.00012783211640196
33,0.000128610813915938
34,0.000129423934954047
35,0.00013027265294217
36,0.000131158216107477
37,0.000132081952607058
38,0.000133045276119888
39,0.000134049691949836
40,0.000135096803693257
41,0.000136188320531269
42,0.000137326065214394
43,0.000138511982815788
44,0.00013974815033917
45,0.000141036787278823
46,0.000142380267242021
47,0.000143781130759185
48,0.000145242099424339
49,0.000146766091528402
50,0.000148356239371027
51,0.000150015908463678
52,0.000151748718868059
53,0.000153558568950757
54,0.000155449661878096
55,0.000157426535225854
56,0.000159494094138296
57,0.000161657648541693
58,0.000163922955001442
59,0.000166296263911868
60,0.000168784372827251
61,0.000171394686885895
62,0.00017413528745151
63,0.000177015010304649
64,0.00018004353496987
65,0.000183231487072578
66,0.000186590555996847
67,0.000190133630579659
68,0.000193874956150566
69,0.000197830316938333
70,0.000202017248756062
71,0.000206455287994045
72,0.000211166264361958
73,0.000216174646617752
74,0.000221507952819024
75,0.000227197239595074
76,0.000233277688784568
77,0.000239789314817982
78,0.000246777822867632
79,0.000254295656633978
80,0.000262403286526803
81,0.000271170805144456
82,0.000280679919114856
83,0.000291026457137055
84,0.000302323557340566
85,0.000314705758772508
86,0.000328334311067677
87,0.000343404147539723
88,0.000360153163156444
89,0.000378874738049127
90,0.00039993491309994
91,0.000423796366774652
92,0.00045105255725874
93,0.000482477440192848
94,0.000519099734002912
95,0.000562317140874955
96,0.00061407807310726
97,0.000677182516065117
98,0.000755804326443536
99,0.000856451689940052
100,0.000989864280631752
101,0.00117511977312931
102,0.00144967438098849
103,0.00189851507749385
104,0.00276458490378089
105,0.0051342563092661
106,0.0386511178721723
107,0.00689717070003559
108,0.00314643261203673
109,0.00202988159084578
110,0.00149374696348307
111,0.00117884699562594
112,0.000971685355783459
113,0.000825061932448589
114,0.000715834277698994
115,0.000631322376510392
116,0.000563996597873211
117,0.000509103771505501
118,0.0004634954709749
119,0.000425003494294363
120,0.000392085936796495
121,0.000363616285747517
122,0.000338752363885301
123,0.000316851945953289
124,0.000297416742871497
125,0.000280054217931841
126,0.000264450945959631
127,0.000250353639701849
128,0.000237555386878655
129,0.000225885501482191
130,0.000215201928440844
131,0.000205385482328321
132,0.000196335423429289
133,0.000187966022474327
134,0.000180203865526271
135,0.000172985719418286
136,0.000166256826281451
137,0.000159969529792694
138,0.00015408216023253
139,0.000148558123199224
140,0.000143365149861581
141,0.00013847467630157
142,0.000133861326739399
143,0.000129502480906444
144,0.000125377910002772
145,0.000121469468880965
146,0.000117760834579076
147,0.000114237283259938
148,0.000110885499132502
149,0.000107693410130315
150,0.000104650046075547
151,0.00010174541581893
152,9.89704004583902e-05
153,9.63166602338795e-05
154,9.37765530976122e-05
155,9.13430632865924e-05
156,8.90097384928288e-05
157,8.67706344476239e-05
158,8.46202659189541e-05
159,8.25535632724864e-05
160,8.05658338729737e-05
161,7.86527277082682e-05
162,7.68102067066814e-05
163,7.50345172929047e-05
164,7.33221657905957e-05
165,7.16698963330139e-05
166,7.00746709883521e-05
167,6.85336518449778e-05
168,6.70441848347571e-05
169,6.56037851008705e-05
170,6.42101237407841e-05
171,6.28610157759334e-05
172,6.15544092177097e-05
173,6.02883751149461e-05
174,5.90610984816371e-05
175,5.78708700153934e-05
176,5.67160785273821e-05
177,5.55952040134543e-05
178,5.45068113039876e-05
179,5.34495442368306e-05
180,5.24221203037657e-05
181,5.14233257261999e-05
182,5.04520109204708e-05
183,4.95070863172747e-05
184,4.85875185033726e-05
185,4.7692326656962e-05
186,4.68205792509672e-05
187,4.59713910010493e-05
188,4.51439200374054e-05
189,4.4337365281447e-05
190,4.35509640102507e-05
191,4.278398959329e-05
192,4.20357493873986e-05
193,4.13055827772092e-05
194,4.05928593494765e-05
195,3.98969771907328e-05
196,3.92173612986685e-05
197,3.85534620984715e-05
198,3.7904754056126e-05
199,3.72707343813609e-05
200,3.6650921813557e-05
201,3.60448554844926e-05
202,3.54520938523127e-05
203,3.48722137015733e-05
204,3.4304809204634e-05
205,3.37494910400519e-05
206,3.32058855639817e-05
207,3.26736340308993e-05
208,3.2152391860261e-05
209,3.16418279459695e-05
210,3.11416240057596e-05
211,3.06514739678402e-05
212,3.01710833923255e-05
213,2.97001689251771e-05
214,2.92384577825455e-05
215,2.87856872635557e-05
216,2.83416042897228e-05
217,2.79059649693171e-05
218,2.74785341851142e-05
219,2.70590852040811e-05
220,2.66473993076475e-05
221,2.62432654413083e-05
222,2.5846479882387e-05
223,2.54568459248731e-05
224,2.50741735803182e-05
225,2.46982792938441e-05
226,2.43289856743802e-05
227,2.39661212383052e-05
228,2.36095201657225e-05
229,2.32590220686497e-05
230,2.29144717704471e-05
231,2.25757190958551e-05
232,2.2242618671051e-05
233,2.19150297331696e-05
234,2.15928159487714e-05
235,2.12758452407699e-05
236,2.09639896233629e-05
237,2.06571250445386e-05
238,2.03551312357536e-05
239,2.00578915684059e-05
240,1.97652929167443e-05
241,1.94772255268839e-05
242,1.91935828916081e-05
243,1.89142616306641e-05
244,1.86391613762711e-05
245,1.8368184663578e-05
246,1.81012368258231e-05
247,1.78382258939612e-05
248,1.75790625005372e-05
249,1.73236597875984e-05
250,1.70719333184481e-05
251,1.68238009930539e-05
252,1.65791829669369e-05
253,1.63380015733727e-05
254,1.61001812487498e-05
255,1.58656484609344e-05
256,1.56343316405023e-05
257,1.54061611147032e-05
258,1.51810690440328e-05
259,1.49589893612906e-05
260,1.47398577130123e-05
261,1.45236114031672e-05
262,1.431018933902e-05
263,1.40995319790587e-05
264,1.38915812828977e-05
265,1.3686280663068e-05
266,1.34835749386123e-05
267,1.32834102904043e-05
268,1.308573421812e-05
269,1.28904954987872e-05
270,1.26976441468462e-05
271,1.25071313756581e-05
272,1.23189095603972e-05
273,1.21329322022714e-05
274,1.1949153894013e-05
275,1.17675302865872e-05
276,1.15880180570691e-05
277,1.14105748776387e-05
278,1.12351593856498e-05
279,1.10617311547277e-05
280,1.0890250666855e-05
281,1.07206792854045e-05
282,1.05529792290811e-05
283,1.03871135467375e-05
284,1.02230460930274e-05
285,1.00607415048638e-05
286,9.90016517865051e-06
287,9.74128324825606e-06
288,9.58406256370188e-06
289,9.42847067053595e-06
290,9.27447578986586e-06
291,9.1220467990258e-06
292,8.971153212853e-06
293,8.82176516555038e-06
294,8.67385339311294e-06
295,8.52738921629663e-06
296,8.38234452410899e-06
297,8.23869175780211e-06
298,8.09640389534875e-06
299,7.95545443638385e-06
300,7.81581738759374e-06
301,7.67746724853659e-06
302,7.54037899787808e-06
303,7.40452808002678e-06
304,7.26989039215466e-06
305,7.13644227158836e-06
306,7.00416048355782e-06
307,6.87302220928886e-06
308,6.74300503442741e-06
309,6.61408693778306e-06
310,6.48624628038028e-06
311,6.3594617948062e-06
312,6.23371257484399e-06
313,6.10897806538147e-06
314,5.98523805258495e-06
315,5.86247265432858e-06
316,5.74066231086986e-06
317,5.61978777576235e-06
318,5.49983010699688e-06
319,5.38077065836288e-06
320,5.2625910710217e-06
321,5.14527326528415e-06
322,5.02879943258467e-06
323,4.9131520276448e-06
324,4.79831376081897e-06
325,4.68426759061563e-06
326,4.57099671638722e-06
327,4.45848457118248e-06
328,4.34671481475497e-06
329,4.23567132672164e-06
330,4.12533819986576e-06
331,4.01569973357836e-06
332,3.90674042743284e-06
333,3.79844497488725e-06
334,3.69079825710909e-06
335,3.58378533691754e-06
336,3.47739145283824e-06
337,3.37160201326569e-06
338,3.26640259072868e-06
339,3.16177891625417e-06
340,3.05771687382498e-06
341,2.95420249492727e-06
342,2.85122195318308e-06
343,2.74876155906415e-06
344,2.64680775468266e-06
345,2.54534710865493e-06
346,2.44436631103428e-06
347,2.34385216830884e-06
348,2.24379159846086e-06
349,2.14417162608344e-06
350,2.04497937755127e-06
351,1.94620207624136e-06
352,1.84782703780052e-06
353,1.74984166545577e-06
354,1.65223344536416e-06
355,1.55498994199857e-06
356,1.45809879356597e-06
357,1.36154770745463e-06
358,1.26532445570682e-06
359,1.1694168705137e-06
360,1.07381283972872e-06
361,9.7850030239635e-07
362,8.83467244292545e-07
363,7.88701693473537e-07
364,6.94191715829572e-07
365,5.99925410639983e-07
366,5.05890906126315e-07
367,4.12076354999738e-07
368,3.18469929999454e-07
369,2.25059819418304e-07
370,1.31834222612138e-07
371,3.87813454890749e-08
372,5.41106040247878e-08
373,1.46853420547335e-07
374,2.39458905833565e-07
375,3.3193887340401e-07
376,4.24305153212408e-07
377,5.16569596356538e-07
378,6.087440798366e-07
379,7.00840511365108e-07
380,7.92870834232931e-07
381,8.8484703223564e-07
382,9.76781134664988e-07
383,1.06868522136998e-06
384,1.16057142789257e-06
385,1.2524519506827e-06
386,1.34433905239802e-06
387,1.43624506729346e-06
388,1.52818240670594e-06
389,1.62016356464011e-06
390,1.71220112346067e-06
391,1.80430775969742e-06
392,1.89649624996905e-06
393,1.98877947703246e-06
394,2.08117043596374e-06
395,2.17368224047827e-06
396,2.26632812939674e-06
397,2.35912147326464e-06
398,2.45207578113308e-06
399,2.5452047075088e-06
400,2.63852205948195e-06
401,2.73204180404016e-06
402,2.82577807557823e-06
403,2.91974518361269e-06
404,3.01395762071132e-06
405,3.10843007064776e-06
406,3.20317741679216e-06
407,3.29821475074903e-06
408,3.39355738125402e-06
409,3.48922084334206e-06
410,3.58522090779959e-06
411,3.68157359091448e-06
412,3.77829516453755e-06
413,3.87540216647077e-06
414,3.97291141119728e-06
415,4.07084000096977e-06
416,4.16920533727402e-06
417,4.2680251326856e-06
418,4.36731742313852e-06
419,4.4671005806254e-06
420,4.56739332635008e-06
421,4.66821474435413e-06
422,4.76958429564059e-06
423,4.87152183281851e-06
424,4.97404761529421e-06
425,5.07718232503534e-06
426,5.18094708293643e-06
427,5.28536346581516e-06
428,5.39045352407073e-06
429,5.49623980003737e-06
430,5.60274534706753e-06
431,5.70999374938161e-06
432,5.81800914272295e-06
433,5.92681623585892e-06
434,6.03644033297147e-06
435,6.14690735698284e-06
436,6.25824387386473e-06
437,6.37047711798236e-06
438,6.48363501852724e-06
439,6.59774622709647e-06
440,6.71284014647912e-06
441,6.82894696071424e-06
442,6.94609766648905e-06
443,7.06432410594952e-06
444,7.18365900100091e-06
445,7.30413598917947e-06
446,7.42578966118289e-06
447,7.5486556001512e-06
448,7.67277042279726e-06
449,7.79817182249056e-06
450,7.92489861440646e-06
451,8.05299078285901e-06
452,8.1824895309439e-06
453,8.31343733262655e-06
454,8.44587798741878e-06
455,8.57985667779794e-06
456,8.71542002953219e-06
457,8.8526161750874e-06
458,8.99149482030269e-06
459,9.13210731453529e-06
460,9.27450672448914e-06
461,9.418747911957e-06
462,9.56488761572235e-06
463,9.71298453788513e-06
464,9.8630994348948e-06
465,1.00152952135947e-05
466,1.0169637032605e-05
467,1.03261924093952e-05
468,1.04850313334247e-05
469,1.06462263857582e-05
470,1.08098528655948e-05
471,1.09759889241824e-05
472,1.11447157066289e-05
473,1.13161175021601e-05
474,1.14902819034182e-05
475,1.16672999754457e-05
476,1.18472664350493e-05
477,1.20302798412986e-05
478,1.22164427979744e-05
479,1.2405862168855e-05
480,1.25986493068004e-05
481,1.27949202976798e-05
482,1.29947962202792e-05
483,1.31984034234248e-05
484,1.34058738216709e-05
485,1.36173452110196e-05
486,1.38329616062782e-05
487,1.40528736018037e-05
488,1.42772387575517e-05
489,1.45062220125266e-05
490,1.4739996127931e-05
491,1.49787421625357e-05
492,1.52226499830389e-05
493,1.54719188124585e-05
494,1.57267578199077e-05
495,1.59873867554458e-05
496,1.62540366340772e-05
497,1.65269504733981e-05
498,1.68063840898663e-05
499,1.70926069592049e-05
500,1.73859031470508e-05
501,1.76865723166325e-05
502,1.79949308210217e-05
503,1.83113128883604e-05
504,1.86360719094309e-05
505,1.89695818380315e-05
506,1.93122387158622e-05
507,1.96644623350311e-05
508,2.00266980528961e-05
509,2.03994187757807e-05
510,2.07831271301899e-05
511,2.11783578425329e-05
512,2.15856803510974e-05
513,2.20057016771595e-05
514,2.24390695857291e-05
515,2.28864760706046e-05
516,2.33486612032361e-05
517,2.38264173904932e-05
518,2.43205940929345e-05
519,2.48321030627563e-05
520,2.53619241694492e-05
521,2.59111118915646e-05
522,2.64808025651753e-05
523,2.7072222493977e-05
524,2.76866970429419e-05
525,2.83256608575601e-05
526,2.89906693746375e-05
527,2.968341181919e-05
528,3.0405725916197e-05
529,3.11596145871304e-05
530,3.19472649508426e-05
531,3.27710700085929e-05
532,3.36336534662496e-05
533,3.45378982362515e-05
534,3.54869792718775e-05
535,3.64844015220607e-05
536,3.75340439632605e-05
537,3.86402108747057e-05
538,3.98076917863482e-05
539,4.10418318605651e-05
540,4.23486148895263e-05
541,4.37347616276726e-05
542,4.52078468699818e-05
543,4.67764395820902e-05
544,4.84502715571307e-05
545,5.02404416123897e-05
546,5.21596643810329e-05
547,5.42225754905535e-05
548,5.64461086227995e-05
549,5.88499650154718e-05
550,6.14572029720267e-05
551,6.42949847600736e-05
552,6.73955322044532e-05
553,7.07973623290792e-05
554,7.45469037150638e-05
555,7.87006378371435e-05
556,8.33279756890827e-05
557,8.85151821420302e-05
558,9.43708220181339e-05
559,0.000101033463849359
560,0.00010868281428193
561,0.000117556208380781
562,0.000127973723497722
563,0.00014037768033233
564,0.000155397162011364
565,0.000173958218873557
566,0.000197482550566646
567,0.000228270339851895
568,0.00027030275089845
569,0.000331120781361832
570,0.000426949645005847
571,0.000600253801907862
572,0.00100877853133341
573,0.00314306488436498
574,0.00282891844889194
575,0.000976846363422866
576,0.000590837831423314
577,0.000423735887741776
578,0.000330459582916032
579,0.000270934047196511
580,0.000229645458360436
581,0.00019932482012664
582,0.000176113179380379
583,0.000157771872892105
584,0.000142912908451261
585,0.000130629960569522
586,0.000120306112507937
587,0.00011150687842727
588,0.000103917411258173
589,9.73039756021324e-05
590,9.14894079599655e-05
591,8.63369778397369e-05
592,8.17394755922833e-05
593,7.76116532665241e-05
594,7.38848750331788e-05
595,7.05032586705789e-05
596,6.74208447738043e-05
597,6.45994879025728e-05
598,6.20072636231428e-05
599,5.96172499736958e-05
600,5.74065845479569e-05
601,5.53557271074145e-05
602,5.34478772884545e-05
603,5.16685106353456e-05
604,5.00050058259658e-05
605,4.84463428422942e-05
606,4.69828568177448e-05
607,4.56060359365927e-05
608,4.43083544542694e-05
609,4.30831339184633e-05
610,4.19244271865883e-05
611,4.08269209873102e-05
612,3.97858536568099e-05
613,3.87969453623997e-05
614,3.78563386565963e-05
615,3.69605476202829e-05
616,3.61064141811668e-05
617,3.52910704535969e-05
618,3.45119061531218e-05
619,3.37665403055177e-05
620,3.30527966041758e-05
621,3.23686818784948e-05
622,3.17123672245169e-05
623,3.10821714215271e-05
624,3.04765463179183e-05
625,2.98940639187922e-05
626,2.93334049485137e-05
627,2.87933486953287e-05
628,2.82727639734578e-05
629,2.77706010617909e-05
630,2.72858844982434e-05
631,2.68177066256559e-05
632,2.63652217993498e-05
633,2.59276411785311e-05
634,2.55042280340199e-05
635,2.50942935135625e-05
636,2.46971928134976e-05
637,2.43123217120019e-05
638,2.39391134246891e-05
639,2.35770357481261e-05
640,2.32255884609726e-05
641,2.28843009560374e-05
642,2.25527300796627e-05
643,2.2230458157564e-05
644,2.19170911886174e-05
645,2.16122571901601e-05
646,2.13156046801782e-05
647,2.10268012833523e-05
648,2.07455324493251e-05
649,2.04715002727915e-05
650,2.02044224060966e-05
651,1.99440310559897e-05
652,1.96900720570308e-05
653,1.94423040149054e-05
654,1.92004975135677e-05
655,1.89644343807342e-05
656,1.87339070067759e-05
657,1.85087177125372e-05
658,1.82886781620267e-05
659,1.80736088163086e-05
660,1.78633384252625e-05
661,1.76577035541805e-05
662,1.74565481424507e-05
663,1.72597230918138e-05
664,1.70670858819103e-05
665,1.68785002110284e-05
666,1.66938356601471e-05
667,1.65129673785308e-05
668,1.63357757892793e-05
669,1.61621463133713e-05
670,1.59919691108605e-05
671,1.58251388379916e-05
672,1.56615544191074e-05
673,1.5501118832305e-05
674,1.53437389078849e-05
675,1.51893251387096e-05
676,1.50377915016601e-05
677,1.4889055289439e-05
678,1.47430369520274e-05
679,1.45996599471553e-05
680,1.4458850599194e-05
681,1.43205379659202e-05
682,1.41846537126469e-05
683,1.40511319932474e-05
684,1.39199093376387e-05
685,1.37909245453158e-05
686,1.36641185845634e-05
687,1.35394344969934e-05
688,1.34168173070821e-05
689,1.32962139364063e-05
690,1.31775731222938e-05
691,1.30608453406268e-05
692,1.29459827325522e-05
693,1.28329390348706e-05
694,1.27216695138894e-05
695,1.26121309025421e-05
696,1.25042813405855e-05
697,1.23980803177008e-05
698,1.22934886193368e-05
699,1.21904682751401e-05
700,1.20889825098304e-05
701,1.19889956963874e-05
702,1.18904733114215e-05
703,1.17933818926117e-05
704,1.16976889980995e-05
705,1.16033631677353e-05
706,1.15103738860773e-05
707,1.14186915470542e-05
708,1.13282874202025e-05
709,1.12391336183987e-05
710,1.11512030670084e-05
711,1.10644694743817e-05
712,1.09789073036254e-05
713,1.08944917455896e-05
714,1.08111986930058e-05
715,1.07290047157226e-05
716,1.06478870369822e-05
717,1.05678235106893e-05
718,1.04887925996223e-05
719,1.04107733545433e-05
720,1.03337453941626e-05
721,1.02576888859177e-05
722,1.01825845275292e-05
723,1.01084135292949e-05
724,1.00351575970909e-05
725,9.96279891604445e-06
726,9.89132013484917e-06
727,9.82070435069272e-06
728,9.75093509476944e-06
729,9.68199631835159e-06
730,9.61387237939414e-06
731,9.54654802964955e-06
732,9.48000840226978e-06
733,9.41423899987437e-06
734,9.34922568306426e-06
735,9.28495465936193e-06
736,9.22141247255947e-06
737,9.15858599245731e-06
738,9.09646240497686e-06
739,9.03502920263117e-06
740,8.9742741753388e-06
741,8.91418540156633e-06
742,8.854751239786e-06
743,8.79596032023541e-06
744,8.73780153696687e-06
745,8.68026404017466e-06
746,8.6233372287889e-06
747,8.56701074332513e-06
748,8.51127445897956e-06
749,8.45611847896021e-06
750,8.40153312804419e-06
751,8.34750894635281e-06
752,8.29403668333547e-06
753,8.24110729195449e-06
754,8.1887119230629e-06
755,8.13684191996795e-06
756,8.08548881317301e-06
757,8.03464431529126e-06
758,7.98430031612442e-06
759,7.93444887790053e-06
760,7.88508223066474e-06
761,7.8361927678172e-06
762,7.78777304179297e-06
763,7.73981575987834e-06
764,7.6923137801588e-06
765,7.64526010759367e-06
766,7.59864789021296e-06
767,7.55247041543189e-06
768,7.50672110647894e-06
769,7.46139351893326e-06
770,7.41648133736769e-06
771,7.37197837209357e-06
772,7.32787855600363e-06
773,7.28417594150979e-06
774,7.24086469757235e-06
775,7.19793910681746e-06
776,7.15539356273978e-06
777,7.1132225669875e-06
778,7.07142072672683e-06
779,7.02998275208321e-06
780,6.98890345365675e-06
781,6.94817774010935e-06
782,6.90780061582099e-06
783,6.86776717861314e-06
784,6.82807261753674e-06
785,6.78871221072284e-06
786,6.7496813232938e-06
787,6.71097540533293e-06
788,6.67258998991089e-06
789,6.63452069116678e-06
790,6.59676320244234e-06
791,6.55931329446735e-06
792,6.52216681359488e-06
793,6.48531968008446e-06
794,6.4487678864319e-06
795,6.41250749574424e-06
796,6.37653464015828e-06
797,6.34084551930151e-06
798,6.30543639879397e-06
799,6.27030360878985e-06
800,6.23544354255762e-06
801,6.20085265509741e-06
802,6.16652746179459e-06
803,6.13246453710837e-06
804,6.09866051329451e-06
805,6.06511207916087e-06
806,6.03181597885501e-06
807,5.99876901068279e-06
808,5.96596802595711e-06
809,5.93340992787577e-06
810,5.90109167042774e-06
811,5.86901025732691e-06
812,5.83716274097252e-06
813,5.80554622143552e-06
814,5.77415784547009e-06
815,5.74299480554962e-06
816,5.71205433892634e-06
817,5.68133372671409e-06
818,5.65083029299341e-06
819,5.62054140393843e-06
820,5.59046446696483e-06
821,5.56059692989837e-06
822,5.5309362801634e-06
823,5.50148004399071e-06
824,5.47222578564426e-06
825,5.44317110666624e-06
826,5.41431364513996e-06
827,5.38565107497005e-06
828,5.3571811051795e-06
829,5.32890147922316e-06
830,5.30080997431706e-06
831,5.27290440078338e-06
832,5.24518260141039e-06
833,5.21764245082714e-06
834,5.19028185489245e-06
835,5.16309875009773e-06
836,5.13609110298337e-06
837,5.10925690956841e-06
838,5.0825941947928e-06
839,5.05610101197241e-06
840,5.02977544226599e-06
841,5.0036155941541e-06
842,4.97761960292954e-06
843,4.95178563019894e-06
844,4.92611186339542e-06
845,4.90059651530179e-06
846,4.87523782358421e-06
847,4.85003405033594e-06
848,4.82498348163094e-06
849,4.80008442708712e-06
850,4.77533521943888e-06
851,4.75073421411887e-06
852,4.72627978884859e-06
853,4.70197034323768e-06
854,4.67780429839168e-06
855,4.653780096528e-06
856,4.62989620060001e-06
857,4.60615109392887e-06
858,4.58254327984311e-06
859,4.55907128132562e-06
860,4.53573364066791e-06
861,4.51252891913149e-06
862,4.48945569661622e-06
863,4.46651257133534e-06
864,4.44369815949716e-06
865,4.42101109499314e-06
866,4.39845002909231e-06
867,4.37601363014178e-06
868,4.35370058327326e-06
869,4.33150959011539e-06
870,4.30943936851184e-06
871,4.28748865224488e-06
872,4.26565619076454e-06
873,4.24394074892288e-06
874,4.22234110671367e-06
875,4.20085605901693e-06
876,4.17948441534857e-06
877,4.15822499961481e-06
878,4.13707664987125e-06
879,4.11603821808669e-06
880,4.09510856991135e-06
881,4.07428658444951e-06
882,4.05357115403651e-06
883,4.03296118401988e-06
884,4.01245559254459e-06
885,3.99205331034239e-06
886,3.97175328052495e-06
887,3.95155445838094e-06
888,3.93145581117681e-06
889,3.91145631796124e-06
890,3.89155496937317e-06
891,3.87175076745334e-06
892,3.85204272545926e-06
893,3.83242986768351e-06
894,3.81291122927531e-06
895,3.79348585606532e-06
896,3.77415280439358e-06
897,3.75491114094043e-06
898,3.7357599425605e-06
899,3.71669829611964e-06
900,3.69772529833464e-06
901,3.67884005561584e-06
902,3.66004168391239e-06
903,3.64132930856029e-06
904,3.62270206413294e-06
905,3.60415909429438e-06
906,3.58569955165496e-06
907,3.56732259762948e-06
908,3.54902740229774e-06
909,3.53081314426744e-06
910,3.51267901053944e-06
911,3.49462419637514e-06
912,3.47664790516622e-06
913,3.45874934830639e-06
914,3.44092774506541e-06
915,3.42318232246503e-06
916,3.40551231515703e-06
917,3.38791696530324e-06
918,3.37039552245748e-06
919,3.3529472434494e-06
920,3.33557139227017e-06
921,3.31826723996002e-06
922,3.30103406449754e-06
923,3.28387115069068e-06
924,3.26677779006955e-06
925,3.2497532807808e-06
926,3.23279692748369e-06
927,3.21590804124773e-06
928,3.19908593945192e-06
929,3.18232994568548e-06
930,3.16563938965013e-06
931,3.14901360706376e-06
932,3.1324519395657e-06
933,3.1159537346232e-06
934,3.09951834543941e-06
935,3.08314513086272e-06
936,3.06683345529737e-06
937,3.05058268861537e-06
938,3.03439220606967e-06
939,3.01826138820866e-06
940,3.00218962079177e-06
941,2.98617629470632e-06
942,2.97022080588551e-06
943,2.95432255522761e-06
944,2.93848094851618e-06
945,2.92269539634142e-06
946,2.90696531402265e-06
947,2.8912901215317e-06
948,2.87566924341745e-06
949,2.86010210873135e-06
950,2.84458815095382e-06
951,2.82912680792179e-06
952,2.81371752175698e-06
953,2.79835973879528e-06
954,2.78305290951689e-06
955,2.76779648847743e-06
956,2.75258993423986e-06
957,2.73743270930727e-06
958,2.7223242800565e-06
959,2.70726411667252e-06
960,2.69225169308364e-06
961,2.67728648689749e-06
962,2.66236797933773e-06
963,2.64749565518151e-06
964,2.63266900269765e-06
965,2.61788751358552e-06
966,2.60315068291462e-06
967,2.58845800906477e-06
968,2.57380899366708e-06
969,2.55920314154544e-06
970,2.54463996065867e-06
971,2.53011896204331e-06
972,2.51563965975702e-06
973,2.50120157082245e-06
974,2.48680421517184e-06
975,2.47244711559201e-06
976,2.45812979767005e-06
977,2.44385178973939e-06
978,2.42961262282647e-06
979,2.4154118305979e-06
980,2.40124894930806e-06
981,2.38712351774726e-06
982,2.37303507719024e-06
983,2.35898317134523e-06
984,2.34496734630341e-06
985,2.33098715048874e-06
986,2.31704213460829e-06
987,2.30313185160288e-06
988,2.28925585659823e-06
989,2.27541370685632e-06
990,2.26160496172725e-06
991,2.24782918260143e-06
992,2.23408593286205e-06
993,2.22037477783791e-06
994,2.20669528475665e-06
995,2.19304702269813e-06
996,2.17942956254826e-06
997,2.16584247695303e-06
998,2.15228534027283e-06
999,2.13875772853707e-06
1000,2.12525921939898e-06
1001,2.11178939209079e-06
1002,2.09834782737897e-06
1003,2.08493410751982e-06
1004,2.07154781621524e-06
1005,2.0581885385687e-06
1006,2.0448558610414e-06
1007,2.0315493714086e-06
1008,2.01826865871614e-06
1009,2.00501331323715e-06
1010,1.99178292642887e-06
1011,1.9785770908896e-06
1012,1.96539540031585e-06
1013,1.95223744945957e-06
1014,1.93910283408547e-06
1015,1.92599115092849e-06
1016,1.91290199765137e-06
1017,1.89983497280223e-06
1018,1.88678967577231e-06
1019,1.87376570675373e-06
1020,1.86076266669731e-06
1021,1.84778015727045e-06
1022,1.83481778081502e-06
1023,1.82187514030529e-06
1024,1.8089518393059e-06
1025,1.79604748192978e-06
1026,1.78316167279609e-06
1027,1.7702940169882e-06
1028,1.75744412001156e-06
1029,1.74461158775158e-06
1030,1.73179602643146e-06
1031,1.71899704256998e-06
1032,1.7062142429392e-06
1033,1.6934472345221e-06
1034,1.68069562447015e-06
1035,1.66795902006075e-06
1036,1.65523702865457e-06
1037,1.64252925765282e-06
1038,1.62983531445438e-06
1039,1.61715480641271e-06
1040,1.60448734079273e-06
1041,1.59183252472748e-06
1042,1.57918996517461e-06
1043,1.56655926887273e-06
1044,1.5539400422975e-06
1045,1.54133189161761e-06
1046,1.52873442265046e-06
1047,1.51614724081766e-06
1048,1.50356995110029e-06
1049,1.49100215799391e-06
1050,1.47844346546332e-06
1051,1.46589347689701e-06
1052,1.45335179506136e-06
1053,1.44081802205458e-06
1054,1.42829175926024e-06
1055,1.41577260730058e-06
1056,1.40326016598944e-06
1057,1.39075403428484e-06
1058,1.37825381024121e-06
1059,1.36575909096128e-06
1060,1.35326947254752e-06
1061,1.34078455005321e-06
1062,1.32830391743312e-06
1063,1.31582716749374e-06
1064,1.30335389184307e-06
1065,1.29088368083994e-06
1066,1.27841612354289e-06
1067,1.26595080765853e-06
1068,1.25348731948943e-06
1069,1.24102524388148e-06
1070,1.22856416417069e-06
1071,1.2161036621295e-06
1072,1.20364331791245e-06
1073,1.19118271000137e-06
1074,1.17872141514981e-06
1075,1.16625900832708e-06
1076,1.1537950626614e-06
1077,1.14132914938264e-06
1078,1.12886083776416e-06
1079,1.11638969506421e-06
1080,1.10391528646635e-06
1081,1.09143717501937e-06
1082,1.07895492157637e-06
1083,1.06646808473302e-06
1084,1.05397622076512e-06
1085,1.04147888356532e-06
1086,1.02897562457901e-06
1087,1.0164659927393e-06
1088,1.00394953440124e-06
1089,9.9142579327505e-07
1090,9.78894310358439e-07
1091,9.66354623868014e-07
1092,9.53806269169678e-07
1093,9.41248778708074e-07
1094,9.28681681934964e-07
1095,9.16104505236581e-07
1096,9.03516771859921e-07
1097,8.90918001837903e-07
1098,8.78307711913421e-07
1099,8.6568541546222e-07
1100,8.53050622414612e-07
1101,8.40402839175934e-07
1102,8.27741568545789e-07
1103,8.15066309635994e-07
1104,8.02376557787221e-07
1105,7.89671804484276e-07
1106,7.76951537270021e-07
1107,7.6421523965786e-07
1108,7.51462391042798e-07
1109,7.3869246661099e-07
1110,7.25904937247776e-07
1111,7.13099269444167e-07
1112,7.002749252017e-07
1113,6.87431361935683e-07
1114,6.74568032376735e-07
1115,6.61684384470616e-07
1116,6.48779861276272e-07
1117,6.35853900862086e-07
1118,6.22905936200252e-07
1119,6.09935395059263e-07
1120,5.96941699894425e-07
1121,5.83924267736385e-07
1122,5.70882510077601e-07
1123,5.57815832756694e-07
1124,5.44723635840661e-07
1125,5.31605313504863e-07
1126,5.18460253910753e-07
1127,5.05287839081249e-07
1128,4.92087444773764e-07
1129,4.78858440350747e-07
1130,4.65600188647746e-07
1131,4.52312045838863e-07
1132,4.38993361299603e-07
1133,4.25643477466992e-07
1134,4.12261729696917e-07
1135,3.98847446118617e-07
1136,3.85399947486267e-07
1137,3.71918547027538e-07
1138,3.58402550289083e-07
1139,3.44851254978874e-07
1140,3.31263950805289e-07
1141,3.17639919312886e-07
1142,3.03978433714734e-07
1143,2.90278758721275e-07
1144,2.76540150365565e-07
1145,2.62761855824839e-07
1146,2.48943113238263e-07
1147,2.35083151520833e-07
1148,2.21181190173238e-07
1149,2.07236439087649e-07
1150,1.93248098349285e-07
1151,1.79215358033651e-07
1152,1.65137397999345e-07
1153,1.51013387676287e-07
1154,1.36842485849262e-07
1155,1.2262384043667e-07
1156,1.08356588264289e-07
1157,9.40398548339889e-08
1158,7.96727540872091e-08
1159,6.52543881630629e-08
1160,5.07838471509353e-08
1161,3.6260208837395e-08
1162,2.16825384472958e-08
1163,7.04988837887807e-09
1164,7.63870206730835e-09
1165,2.238420696579e-08
1166,3.71876140500791e-08
1167,5.2049925003299e-08
1168,6.69721557556828e-08
1169,8.19553367891666e-08
1170,9.70005134492766e-08
1171,1.12108746264522e-07
1172,1.27281111273511e-07
1173,1.42518700360002e-07
1174,1.57822621596136e-07
1175,1.73193999594102e-07
1176,1.88633975866453e-07
1177,2.04143709195325e-07
1178,2.19724376010895e-07
1179,2.35377170779238e-07
1180,2.51103306399969e-07
1181,2.66904014613897e-07
1182,2.82780546421019e-07
1183,2.98734172509184e-07
1184,3.14766183693694e-07
1185,3.3087789136824e-07
1186,3.47070627967489e-07
1187,3.63345747441683e-07
1188,3.797046257436e-07
1189,3.96148661328328e-07
1190,4.12679275666165e-07
1191,4.29297913769123e-07
1192,4.46006044731405e-07
1193,4.62805162284384e-07
1194,4.79696785366427e-07
1195,4.96682458708138e-07
1196,5.13763753433452e-07
1197,5.30942267677137e-07
1198,5.48219627219173e-07
1199,5.65597486136602e-07
1200,5.83077527473423e-07
1201,6.00661463929079e-07
1202,6.18351038566187e-07
1203,6.36148025538113e-07
1204,6.54054230837103e-07
1205,6.72071493063585e-07
1206,6.90201684217402e-07
1207,7.08446710511695e-07
1208,7.26808513210212e-07
1209,7.45289069488822e-07
1210,7.63890393322058e-07
1211,7.82614536395592e-07
1212,8.01463589045457e-07
1213,8.20439681225023e-07
1214,8.39544983500632e-07
1215,8.58781708076922e-07
1216,8.78152109852894e-07
1217,8.97658487509762e-07
1218,9.17303184631762e-07
1219,9.37088590861087e-07
1220,9.57017143088133e-07
1221,9.77091326678372e-07
1222,9.97313676737169e-07
1223,1.0176867794139e-06
1224,1.03821327324684e-06
1225,1.0588958505503e-06
1226,1.07973725884557e-06
1227,1.10074030233734e-06
1228,1.12190784343723e-06
1229,1.14324280433625e-06
1230,1.16474816862802e-06
1231,1.1864269829847e-06
1232,1.20828235888754e-06
1233,1.23031747441437e-06
1234,1.2525355760859e-06
1235,1.2749399807735e-06
1236,1.29753407767045e-06
1237,1.32032133032956e-06
1238,1.34330527876936e-06
1239,1.36648954165197e-06
1240,1.38987781853528e-06
1241,1.4134738922024e-06
1242,1.43728163107171e-06
1243,1.46130499169053e-06
1244,1.48554802131602e-06
1245,1.51001486058677e-06
1246,1.53470974628891e-06
1247,1.55963701422056e-06
1248,1.5848011021589e-06
1249,1.61020655293401e-06
1250,1.63585801761403e-06
1251,1.66176025880654e-06
1252,1.68791815408088e-06
1253,1.71433669951678e-06
1254,1.74102101338483e-06
1255,1.76797633996432e-06
1256,1.79520805350475e-06
1257,1.82272166233716e-06
1258,1.85052281314198e-06
1259,1.87861729538047e-06
1260,1.90701104589712e-06
1261,1.93571015370057e-06
1262,1.96472086493148e-06
1263,1.99404958802571e-06
1264,2.02370289908193e-06
1265,2.05368754744314e-06
1266,2.08401046150218e-06
1267,2.11467875474166e-06
1268,2.14569973201962e-06
1269,2.17708089611242e-06
1270,2.20882995452757e-06
1271,2.24095482659922e-06
1272,2.27346365088035e-06
1273,2.30636479284613e-06
1274,2.33966685292392e-06
1275,2.37337867486608e-06
1276,2.40750935448283e-06
1277,2.44206824875353e-06
1278,2.47706498533531e-06
1279,2.51250947248979e-06
1280,2.5484119094492e-06
1281,2.58478279724495e-06
1282,2.62163295002288e-06
1283,2.65897350687082e-06
1284,2.6968159441858e-06
1285,2.73517208860986e-06
1286,2.77405413056523e-06
1287,2.81347463842137e-06
1288,2.85344657332886e-06
1289,2.89398330475675e-06
1290,2.93509862677278e-06
1291,2.97680677510822e-06
1292,3.01912244505175e-06
1293,3.06206081021986e-06
1294,3.10563754225418e-06
1295,3.14986883149963e-06
1296,3.19477140872086e-06
1297,3.24036256791837e-06
1298,3.28666019030966e-06
1299,3.33368276954571e-06
1300,3.38144943823735e-06
1301,3.42997999587185e-06
1302,3.47929493820533e-06
1303,3.52941548822303e-06
1304,3.58036362876558e-06
1305,3.63216213692717e-06
1306,3.68483462033857e-06
1307,3.73840555545697e-06
1308,3.792900327993e-06
1309,3.84834527561564e-06
1310,3.90476773308626e-06
1311,3.96219607998405e-06
1312,4.02065979119884e-06
1313,4.08018949037986e-06
1314,4.14081700654424e-06
1315,4.20257543406583e-06
1316,4.26549919628186e-06
1317,4.32962411297447e-06
1318,4.3949874720058e-06
1319,4.4616281054076e-06
1320,4.52958647025189e-06
1321,4.59890473465742e-06
1322,4.66962686931559e-06
1323,4.74179874495458e-06
1324,4.81546823619539e-06
1325,4.89068533229433e-06
1326,4.96750225531113e-06
1327,5.0459735862895e-06
1328,5.12615640009167e-06
1329,5.2081104095872e-06
1330,5.2918981199622e-06
1331,5.37758499398707e-06
1332,5.46523962916227e-06
1333,5.55493394774952e-06
1334,5.6467434007958e-06
1335,5.74074718736702e-06
1336,5.8370284903305e-06
1337,5.93567473016302e-06
1338,6.03677783841212e-06
1339,6.14043455260973e-06
1340,6.24674673462742e-06
1341,6.35582171467657e-06
1342,6.46777266339559e-06
1343,6.58271899473776e-06
1344,6.70078680267464e-06
1345,6.82210933507436e-06
1346,6.9468275084992e-06
1347,7.07509046810526e-06
1348,7.20705619732241e-06
1349,7.34289218255615e-06
1350,7.48277613879228e-06
1351,7.62689680271645e-06
1352,7.77545480079251e-06
1353,7.92866360069694e-06
1354,8.08675055560044e-06
1355,8.24995805204086e-06
1356,8.41854477357867e-06
1357,8.5927870940934e-06
1358,8.77298061650638e-06
1359,8.95944187495353e-06
1360,9.1525102210292e-06
1361,9.35254991774898e-06
1362,9.55995246841884e-06
1363,9.77513921174084e-06
1364,9.99856421935235e-06
1365,1.02307175377359e-05
1366,1.04721288232113e-05
1367,1.07233714267643e-05
1368,1.09850669950241e-05
1369,1.12578906651154e-05
1370,1.15425769447842e-05
1371,1.18399263856282e-05
1372,1.21508131771067e-05
1373,1.24761938130422e-05
1374,1.28171170115854e-05
1375,1.31747351053756e-05
1376,1.35503171625409e-05
1377,1.39452641533651e-05
1378,1.43611265446401e-05
1379,1.47996247874872e-05
1380,1.52626732694424e-05
1381,1.57524084340232e-05
1382,1.62712219390012e-05
1383,1.68217999391644e-05
1384,1.74071698552497e-05
1385,1.80307563480694e-05
1386,1.86964486832749e-05
1387,1.9408682286013e-05
1388,2.01725380995021e-05
1389,2.09938644532559e-05
1390,2.18794276238787e-05
1391,2.28370992915786e-05
1392,2.38760918899763e-05
1393,2.50072567597667e-05
1394,2.62434655689678e-05
1395,2.76001034540876e-05
1396,2.90957140195269e-05
1397,3.07528537039824e-05
1398,3.25992393360007e-05
1399,3.46693133806301e-05
1400,3.70064157034908e-05
1401,3.96658549717401e-05
1402,4.27193467144452e-05
1403,4.62615843359092e-05
1404,5.0420243179329e-05
1405,5.53717097746578e-05
1406,6.13667618237042e-05
1407,6.87744088395977e-05
1408,7.81608790071215e-05
1409,9.04416938539121e-05
1410,0.000107200118370735
1411,0.000131431700630251
1412,0.000169570926916665
1413,0.000238412645367285
1414,0.000400012575498253
1415,0.00122899677462955
1416,0.00115681373203182
1417,0.000394551173817011
1418,0.000238283928502357
1419,0.000170911318877467
1420,0.000133376683290768
1421,0.000109451178588419
1422,9.28688331734602e-05
1423,8.06985330297739e-05
1424,7.13859641526035e-05
1425,6.40301787522903e-05
1426,5.80729338601503e-05
1427,5.31498927519075e-05
1428,4.9013159926617e-05
1429,4.54882049166859e-05
1430,4.2448591413592e-05
1431,3.9800478750684e-05
1432,3.74727538430121e-05
1433,3.54105434238417e-05
1434,3.35708286331958e-05
1435,3.19194078762329e-05
1436,3.0428747919597e-05
1437,2.90764342433983e-05
1438,2.78440343439908e-05
1439,2.67162510631878e-05
1440,2.56802831323936e-05
1441,2.47253360841906e-05
1442,2.38422438352337e-05
1443,2.30231727856794e-05
1444,2.22613881791137e-05
1445,2.15510679571665e-05
1446,2.08871532140187e-05
1447,2.02652271215473e-05
1448,1.96814161959374e-05
1449,1.91323092395898e-05
1450,1.86148903736614e-05
1451,1.81264833840375e-05
1452,1.76647052119714e-05
1453,1.72274268831005e-05
1454,1.68127405229601e-05
1455,1.64189313808061e-05
1456,1.60444539964452e-05
1457,1.56879118115212e-05
1458,1.53480396581413e-05
1459,1.50236886619918e-05
1460,1.47138131802699e-05
1461,1.44174594614905e-05
1462,1.41337557680478e-05
1463,1.38619037460422e-05
1464,1.36011708624098e-05
1465,1.33508837584727e-05
1466,1.31104223929209e-05
1467,1.28792148669558e-05
1468,1.26567328406703e-05
1469,1.24424874633273e-05
1470,1.22360257515516e-05
1471,1.20369273589588e-05
1472,1.18448016887358e-05
1473,1.16592853074352e-05
1474,1.14800396239505e-05
1475,1.13067488024819e-05
1476,1.11391178824268e-05
1477,1.09768710816493e-05
1478,1.08197502625944e-05
1479,1.06675135432998e-05
1480,1.0519934037586e-05
1481,1.03767987106189e-05
1482,1.02379073377074e-05
1483,1.01030715556297e-05
1484,9.97211399703608e-06
1485,9.84486749956309e-06
1486,9.72117438224136e-06
1487,9.60088578261162e-06
1488,9.48386104868809e-06
1489,9.3699671805465e-06
1490,9.25907831687584e-06
1491,9.15107526232514e-06
1492,9.04584505191342e-06
1493,8.94328054915604e-06
1494,8.84328007490132e-06
1495,8.7457470641736e-06
1496,8.65058974858874e-06
1497,8.55772086214507e-06
1498,8.46705736840741e-06
1499,8.37852020729114e-06
1500,8.29203405982223e-06
1501,8.20752712940287e-06
1502,8.12493093824623e-06
1503,8.04418013776756e-06
1504,7.96521233182788e-06
1505,7.88796791182518e-06
1506,7.81238990271665e-06
1507,7.7384238191364e-06
1508,7.66601753084427e-06
1509,7.59512113680736e-06
1510,7.52568684727541e-06
1511,7.45766887326337e-06
1512,7.3910233229048e-06
1513,7.32570810418211e-06
1514,7.26168283358115e-06
1515,7.19890875025307e-06
1516,7.13734863530011e-06
1517,7.0769667358317e-06
1518,7.01772869346572e-06
1519,6.95960147697363e-06
1520,6.90255331879242e-06
1521,6.84655365514673e-06
1522,6.79157306954375e-06
1523,6.73758323942155e-06
1524,6.6845568857472e-06
1525,6.63246772537615e-06
1526,6.58129042599831e-06
1527,6.53100056350792e-06
1528,6.48157458164681e-06
1529,6.43298975378081e-06
1530,6.38522414667877e-06
1531,6.3382565861729e-06
1532,6.29206662458752e-06
1533,6.24663450983068e-06
1534,6.20194115605066e-06
1535,6.15796811576549e-06
1536,6.11469755337999e-06
1537,6.07211222001055e-06
1538,6.03019542954273e-06
1539,5.98893103585184e-06
1540,5.94830341112134e-06
1541,5.90829742519753e-06
1542,5.86889842592331e-06
1543,5.83009222039745e-06
1544,5.79186505710861e-06
1545,5.75420360889716e-06
1546,5.71709495670016e-06
1547,5.68052657403793e-06
1548,5.64448631220311e-06
1549,5.60896238611521e-06
1550,5.57394336080603e-06
1551,5.53941813850366e-06
1552,5.5053759462839e-06
1553,5.47180632426059e-06
1554,5.43869911428744e-06
1555,5.40604444914576e-06
1556,5.37383274219385e-06
1557,5.34205467745522e-06
1558,5.31070120012411e-06
1559,5.27976350746792e-06
1560,5.2492330401074e-06
1561,5.21910147365626e-06
1562,5.18936071070325e-06
1563,5.16000287312033e-06
1564,5.13102029468149e-06
1565,5.10240551397792e-06
1566,5.07415126761542e-06
1567,5.04625048368136e-06
1568,5.0186962754685e-06
1569,4.99148193544414e-06
1570,4.96460092945352e-06
1571,4.93804689114677e-06
1572,4.91181361661951e-06
1573,4.8858950592576e-06
1574,4.86028532477705e-06
1575,4.83497866645039e-06
1576,4.80996948051161e-06
1577,4.78525230173166e-06
1578,4.76082179915739e-06
1579,4.73667277200678e-06
1580,4.71280014571386e-06
1581,4.68919896811707e-06
1582,4.66586440578489e-06
1583,4.64279174047305e-06
1584,4.61997636570798e-06
1585,4.59741378349108e-06
1586,4.57509960111898e-06
1587,4.55302952811505e-06
1588,4.53119937326761e-06
1589,4.50960504177056e-06
1590,4.4882425324623e-06
1591,4.46710793515899e-06
1592,4.44619742807858e-06
1593,4.42550727535175e-06
1594,4.40503382461658e-06
1595,4.38477350469362e-06
1596,4.3647228233382e-06
1597,4.34487836506703e-06
1598,4.32523678905627e-06
1599,4.30579482710829e-06
1600,4.28654928168455e-06
1601,4.26749702400211e-06
1602,4.24863499219136e-06
1603,4.22996018951266e-06
1604,4.21146968262981e-06
1605,4.19316059993805e-06
1606,4.17503012994492e-06
1607,4.15707551970159e-06
1608,4.13929407328326e-06
1609,4.12168315031661e-06
1610,4.10424016455266e-06
1611,4.08696258248341e-06
1612,4.06984792200078e-06
1613,4.05289375109616e-06
1614,4.03609768659944e-06
1615,4.01945739295575e-06
1616,4.00297058103895e-06
1617,3.9866350070004e-06
1618,3.97044847115184e-06
1619,3.95440881688112e-06
1620,3.93851392959989e-06
1621,3.92276173572189e-06
1622,3.90715020167093e-06
1623,3.89167733291761e-06
1624,3.87634117304371e-06
1625,3.86113980283333e-06
1626,3.84607133939007e-06
1627,3.83113393527904e-06
1628,3.81632577769331e-06
1629,3.80164508764361e-06
1630,3.78709011917079e-06
1631,3.77265915858014e-06
1632,3.75835052369697e-06
1633,3.74416256314272e-06
1634,3.73009365563088e-06
1635,3.71614220928223e-06
1636,3.70230666095868e-06
1637,3.68858547561513e-06
1638,3.67497714566882e-06
1639,3.66148019038562e-06
1640,3.64809315528268e-06
1641,3.63481461154701e-06
1642,3.62164315546944e-06
1643,3.60857740789348e-06
1644,3.59561601367873e-06
1645,3.58275764117818e-06
1646,3.57000098172924e-06
1647,3.5573447491579e-06
1648,3.54478767929567e-06
1649,3.53232852950896e-06
1650,3.51996607824049e-06
1651,3.50769912456239e-06
1652,3.49552648774054e-06
1653,3.48344700681011e-06
1654,3.47145954016156e-06
1655,3.45956296513716e-06
1656,3.44775617763751e-06
1657,3.43603809173778e-06
1658,3.42440763931361e-06
1659,3.41286376967604e-06
1660,3.40140544921546e-06
1661,3.39003166105435e-06
1662,3.3787414047083e-06
1663,3.36753369575541e-06
1664,3.35640756551353e-06
1665,3.34536206072539e-06
1666,3.33439624325113e-06
1667,3.32350918976829e-06
1668,3.31269999147886e-06
1669,3.30196775382324e-06
1670,3.29131159620101e-06
1671,3.2807306516982e-06
1672,3.27022406682094e-06
1673,3.25979100123537e-06
1674,3.24943062751348e-06
1675,3.23914213088495e-06
1676,3.22892470899458e-06
1677,3.21877757166539e-06
1678,3.20869994066704e-06
1679,3.19869104948961e-06
1680,3.18875014312242e-06
1681,3.17887647783794e-06
1682,3.16906932098044e-06
1683,3.15932795075953e-06
1684,3.14965165604819e-06
1685,3.14003973618532e-06
1686,3.13049150078273e-06
1687,3.12100626953631e-06
1688,3.11158337204141e-06
1689,3.10222214761225e-06
1690,3.09292194510524e-06
1691,3.08368212274625e-06
1692,3.0745020479615e-06
1693,3.06538109721219e-06
1694,3.05631865583263e-06
1695,3.04731411787192e-06
1696,3.03836688593894e-06
1697,3.02947637105066e-06
1698,3.02064199248374e-06
1699,3.01186317762913e-06
1700,3.00313936184987e-06
1701,2.99446998834179e-06
1702,2.9858545079972e-06
1703,2.97729237927133e-06
1704,2.96878306805161e-06
1705,2.96032604752965e-06
1706,2.95192079807587e-06
1707,2.94356680711666e-06
1708,2.9352635690141e-06
1709,2.92701058494816e-06
1710,2.91880736280121e-06
1711,2.91065341704498e-06
1712,2.90254826862975e-06
1713,2.89449144487575e-06
1714,2.88648247936679e-06
1715,2.878520911846e-06
1716,2.87060628811365e-06
1717,2.86273815992699e-06
1718,2.85491608490211e-06
1719,2.84713962641767e-06
1720,2.83940835352064e-06
1721,2.83172184083375e-06
1722,2.82407966846487e-06
1723,2.81648142191807e-06
1724,2.80892669200648e-06
1725,2.80141507476679e-06
1726,2.79394617137538e-06
1727,2.78651958806617e-06
1728,2.7791349360499e-06
1729,2.77179183143508e-06
1730,2.76448989515036e-06
1731,2.75722875286844e-06
1732,2.75000803493134e-06
1733,2.7428273762772e-06
1734,2.73568641636833e-06
1735,2.7285847991207e-06
1736,2.72152217283469e-06
1737,2.71449819012719e-06
1738,2.7075125078649e-06
1739,2.70056478709894e-06
1740,2.69365469300055e-06
1741,2.68678189479813e-06
1742,2.67994606571528e-06
1743,2.67314688291011e-06
1744,2.66638402741555e-06
1745,2.6596571840808e-06
1746,2.65296604151385e-06
1747,2.646310292025e-06
1748,2.63968963157143e-06
1749,2.63310375970274e-06
1750,2.62655237950752e-06
1751,2.62003519756077e-06
1752,2.61355192387239e-06
1753,2.60710227183647e-06
1754,2.60068595818153e-06
1755,2.59430270292166e-06
1756,2.58795222930846e-06
1757,2.58163426378386e-06
1758,2.57534853593379e-06
1759,2.56909477844258e-06
1760,2.56287272704825e-06
1761,2.55668212049851e-06
1762,2.55052270050749e-06
1763,2.54439421171336e-06
1764,2.53829640163652e-06
1765,2.53222902063854e-06
1766,2.52619182188193e-06
1767,2.5201845612904e-06
1768,2.51420699750994e-06
1769,2.50825889187052e-06
1770,2.50234000834839e-06
1771,2.49645011352909e-06
1772,2.49058897657104e-06
1773,2.48475636916972e-06
1774,2.47895206552253e-06
1775,2.47317584229411e-06
1776,2.46742747858237e-06
1777,2.46170675588498e-06
1778,2.45601345806647e-06
1779,2.45034737132585e-06
1780,2.44470828416479e-06
1781,2.43909598735626e-06
1782,2.43351027391373e-06
1783,2.42795093906091e-06
1784,2.42241778020187e-06
1785,2.41691059689176e-06
1786,2.41142919080792e-06
1787,2.40597336572151e-06
1788,2.40054292746958e-06
1789,2.39513768392756e-06
1790,2.38975744498221e-06
1791,2.38440202250504e-06
1792,2.3790712303261e-06
1793,2.37376488420818e-06
1794,2.36848280182146e-06
1795,2.36322480271857e-06
1796,2.35799070830995e-06
1797,2.35278034183971e-06
1798,2.34759352836181e-06
1799,2.3424300947166e-06
1800,2.33728986950776e-06
1801,2.33217268307961e-06
1802,2.32707836749467e-06
1803,2.32200675651174e-06
1804,2.31695768556413e-06
1805,2.31193099173838e-06
1806,2.3069265137532e-06
1807,2.30194409193879e-06
1808,2.29698356821647e-06
1809,2.29204478607856e-06
1810,2.28712759056869e-06
1811,2.28223182826224e-06
1812,2.27735734724727e-06
1813,2.27250399710552e-06
1814,2.26767162889391e-06
1815,2.26286009512616e-06
1816,2.25806924975475e-06
1817,2.25329894815315e-06
1818,2.2485490470983e-06
1819,2.24381940475335e-06
1820,2.23910988065067e-06
1821,2.23442033567509e-06
1822,2.22975063204739e-06
1823,2.22510063330806e-06
1824,2.22047020430127e-06
1825,2.21585921115907e-06
1826,2.21126752128584e-06
1827,2.20669500334297e-06
1828,2.20214152723374e-06
1829,2.19760696408841e-06
1830,2.19309118624958e-06
1831,2.18859406725769e-06
1832,2.18411548183682e-06
1833,2.17965530588054e-06
1834,2.17521341643818e-06
1835,2.17078969170106e-06
1836,2.16638401098912e-06
1837,2.16199625473761e-06
1838,2.15762630448399e-06
1839,2.15327404285508e-06
1840,2.14893935355432e-06
1841,2.14462212134925e-06
1842,2.14032223205911e-06
1843,2.1360395725427e-06
1844,2.13177403068635e-06
1845,2.12752549539207e-06
1846,2.12329385656583e-06
1847,2.1190790051061e-06
1848,2.11488083289244e-06
1849,2.11069923277432e-06
1850,2.10653409856005e-06
1851,2.10238532500588e-06
1852,2.09825280780526e-06
1853,2.09413644357824e-06
1854,2.09003612986097e-06
1855,2.08595176509544e-06
1856,2.08188324861928e-06
1857,2.07783048065569e-06
1858,2.07379336230359e-06
1859,2.06977179552779e-06
1860,2.06576568314941e-06
1861,2.06177492883634e-06
1862,2.05779943709385e-06
1863,2.05383911325536e-06
1864,2.04989386347326e-06
1865,2.04596359470996e-06
1866,2.04204821472896e-06
1867,2.03814763208608e-06
1868,2.03426175612079e-06
1869,2.03039049694769e-06
1870,2.02653376544806e-06
1871,2.02269147326156e-06
1872,2.01886353277798e-06
1873,2.01504985712917e-06
1874,2.01125036018101e-06
1875,2.00746495652555e-06
1876,2.00369356147319e-06
1877,1.99993609104499e-06
1878,1.99619246196507e-06
1879,1.99246259165316e-06
1880,1.98874639821714e-06
1881,1.98504380044578e-06
1882,1.98135471780149e-06
1883,1.97767907041326e-06
1884,1.97401677906956e-06
1885,1.97036776521148e-06
1886,1.96673195092582e-06
1887,1.96310925893834e-06
1888,1.95949961260711e-06
1889,1.95590293591588e-06
1890,1.9523191534676e-06
1891,1.94874819047798e-06
1892,1.94518997276912e-06
1893,1.94164442676328e-06
1894,1.93811147947667e-06
1895,1.93459105851335e-06
1896,1.93108309205915e-06
1897,1.92758750887576e-06
1898,1.92410423829483e-06
1899,1.92063321021212e-06
1900,1.91717435508181e-06
1901,1.91372760391077e-06
1902,1.910292888253e-06
1903,1.90687014020407e-06
1904,1.90345929239567e-06
1905,1.9000602779902e-06
1906,1.89667303067542e-06
1907,1.8932974846592e-06
1908,1.88993357466433e-06
1909,1.88658123592333e-06
1910,1.8832404041734e-06
1911,1.87991101565139e-06
1912,1.87659300708885e-06
1913,1.87328631570711e-06
1914,1.86999087921248e-06
1915,1.86670663579141e-06
1916,1.8634335241058e-06
1917,1.86017148328831e-06
1918,1.85692045293777e-06
1919,1.8536803731146e-06
1920,1.85045118433631e-06
1921,1.84723282757304e-06
1922,1.84402524424317e-06
1923,1.84082837620895e-06
1924,1.83764216577223e-06
1925,1.83446655567021e-06
1926,1.8313014890712e-06
1927,1.82814690957054e-06
1928,1.82500276118644e-06
1929,1.82186898835594e-06
1930,1.81874553593092e-06
1931,1.81563234917415e-06
1932,1.81252937375534e-06
1933,1.80943655574728e-06
1934,1.80635384162205e-06
1935,1.80328117824719e-06
1936,1.800218512882e-06
1937,1.79716579317382e-06
1938,1.79412296715441e-06
1939,1.79108998323631e-06
1940,1.78806679020926e-06
1941,1.78505333723671e-06
1942,1.78204957385231e-06
1943,1.77905544995646e-06
1944,1.77607091581288e-06
1945,1.77309592204529e-06
1946,1.77013041963401e-06
1947,1.76717435991272e-06
1948,1.76422769456516e-06
1949,1.76129037562192e-06
1950,1.75836235545726e-06
1951,1.75544358678596e-06
1952,1.75253402266016e-06
1953,1.74963361646634e-06
1954,1.74674232192224e-06
1955,1.74386009307382e-06
1956,1.74098688429232e-06
1957,1.73812265027131e-06
1958,1.73526734602373e-06
1959,1.73242092687905e-06
1960,1.72958334848039e-06
1961,1.72675456678172e-06
1962,1.72393453804505e-06
1963,1.72112321883767e-06
1964,1.71832056602943e-06
1965,1.71552653679005e-06
1966,1.71274108858639e-06
1967,1.70996417917989e-06
1968,1.70719576662388e-06
1969,1.70443580926106e-06
1970,1.70168426572089e-06
1971,1.69894109491706e-06
1972,1.69620625604503e-06
1973,1.69347970857951e-06
1974,1.69076141227202e-06
1975,1.68805132714849e-06
1976,1.6853494135068e-06
1977,1.68265563191448e-06
1978,1.67996994320631e-06
1979,1.67729230848202e-06
1980,1.67462268910396e-06
1981,1.67196104669488e-06
1982,1.66930734313562e-06
1983,1.66666154056292e-06
1984,1.6640236013672e-06
1985,1.66139348819038e-06
1986,1.65877116392373e-06
1987,1.65615659170571e-06
1988,1.6535497349199e-06
1989,1.65095055719285e-06
1990,1.64835902239207e-06
1991,1.64577509462393e-06
1992,1.64319873823167e-06
1993,1.64062991779335e-06
1994,1.63806859811992e-06
1995,1.63551474425322e-06
1996,1.63296832146401e-06
1997,1.6304292952501e-06
1998,1.62789763133441e-06
1999,1.62537329566309e-06
2000,1.62285625440365e-06
